-4822
10383
3741
1201
434
506
938
1336
1313
615
-717
-2257
-3288
-3097
-1362
1563
4626
6423
5795
2449
-2714
-7767
-10458
-9169
-3774
4071
11384
14985
12859
5187
-5479
-15036
-19430
-16376
-6493
6733
18169
23088
19135
7462
-7603
-20176
-25205
-20527
-7867
7868
20481
25090
20022
7497
-7327
-18648
-22239
-17236
-6258
5907
14438
16455
12093
4114
-3603
-7959
-7941
-4827
-1207
558
-308
-2618
-3961
-2233
2926
9560
14141
13303
5790
-6451
-18656
-25155
-21976
-8992
9515
26281
34017
28635
11321
-11608
-31100
-39095
-31988
-12298
12265
31945
39024
30997
11557
-11148
-28031
-32950
-25083
-8910
8124
19135
20761
14278
4433
-3323
-5724
-3215
647
1522
-2867
-11012
-18038
-18217
-8346
9758
29167
40490
36286
15171
-16465
-46308
-61024
-52260
-20988
21945
59680
76206
63341
24720
-25136
-66519
-82665
-66861
-25380
25075
64407
77548
60629
22178
-21034
-51586
-58891
-43236
-14652
12625
27254
25970
14326
2750
115
8250
20492
25278
13116
-16682
-53368
-78282
-73548
-32086
36130
105406
143809
127383
52904
-57136
-160737
-212405
-182869
-74026
78121
215136
278757
235653
93779
-97399
-264188
-337431
-281374
-110514
113354
303754
383445
316129
122797
-124607
-330400
-412787
-336877
-129549
130170
341778
422870
341778
130170
-129549
-336877
-412787
-330400
-124607
122797
316129
383445
303754
113354
-110514
-281374
-337431
-264188
-97399
93779
235653
278757
215136
78121
-74026
-182869
-212405
-160737
-57136
52904
127383
143809
105406
36130
-32086
-73548
-78282
-53368
-16682
13116
25278
20492
8250
115
2750
14326
25970
27254
12625
-14652
-43236
-58891
-51586
-21034
22178
60629
77548
64407
25075
-25380
-66861
-82665
-66519
-25136
24720
63341
76206
59680
21945
-20988
-52260
-61024
-46308
-16465
15171
36286
40490
29167
9758
-8346
-18217
-18038
-11012
-2867
1522
647
-3215
-5724
-3323
4433
14278
20761
19135
8124
-8910
-25083
-32950
-28031
-11148
11557
30997
39024
31945
12265
-12298
-31988
-39095
-31100
-11608
11321
28635
34017
26281
9515
-8992
-21976
-25155
-18656
-6451
5790
13303
14141
9560
2926
-2233
-3961
-2618
-308
558
-1207
-4827
-7941
-7959
-3603
4114
12093
16455
14438
5907
-6258
-17236
-22239
-18648
-7327
7497
20022
25090
20481
7868
-7867
-20527
-25205
-20176
-7603
7462
19135
23088
18169
6733
-6493
-16376
-19430
-15036
-5479
5187
12859
14985
11384
4071
-3774
-9169
-10458
-7767
-2714
2449
5795
6423
4626
1563
-1362
-3097
-3288
-2257
-717
615
1313
1336
938
506
434
1201
3741
10383
-4822