2.90927E-07
3.24764E-07
3.27009E-07
3.31797E-07
3.43382E-07
3.77365E-07
5.30301E-07
2.30104E-06
1.19352E-05
5.18871E-05
0.000186104
0.000419681
0.000748224
0.001269613
0.00222159
0.002990117
0.00408604
0.005755638
0.00783144
0.010226971
0.014410643
0.019976375
0.025728839
0.032261221
0.040506189
0.049987824
0.059625231
0.071591965
0.083356419
0.098085078
0.111622811
0.121994263
0.132188192
0.146616323
0.154146942
0.163122299
0.174948019
0.193300224
0.212214786
0.228233943
0.240810918
0.252835454
0.267493603
0.275162964
0.284313339
0.296764548
0.309407334
0.324088825
0.336817526
0.347320081
0.357298603
0.369465082
0.376526956
0.383780633
0.394923579
0.407533751
0.420531447
0.430793811
0.438187078
0.445242632
0.455501762
0.461678158
0.468571474
0.476710381
0.489553999
0.500827213
0.509943848
0.516736703
0.522863893
0.529414109
0.535412796
0.54487688
0.553872467
0.565105367
0.574758831
0.583106254
0.588950235
0.594668048
0.599186622
0.603929341
0.613384416
0.623513751
0.633676678
0.644108984
0.651813639
0.659282895
0.665925251
0.673302362
0.681289453
0.69166759
0.702849484
0.710629552
0.715786693
0.720673355
0.726888616
0.734742799
0.742481489
0.751344485
0.758787156
0.764224548
0.769443375
0.774186154
0.780695876
0.786645233
0.793654313
0.800679877
0.805466547
0.80890107
0.812291289
0.816613715
0.821029575
0.82587082
0.830959148
0.835175517
0.838312798
0.841282857
0.844707685
0.847811334
0.850966736
0.854178668
0.857402733
0.859850949
0.862135653
0.864192153
0.866153914
0.867871925
0.869525814
0.871225493
0.872777401
0.873973824
0.874970507
0.87586425
0.876410587
0.87678518
0.877064991
0.877226824
0.877157105
0.876862075
0.876229543
0.875565543
0.874984833
0.874334267
0.87335787
0.872023382
0.870306902
0.868117437
0.865577961
0.863736798
0.861559594
0.859237716
0.855919142
0.851938473
0.847025293
0.842681884
0.838784436
0.834355817
0.828071344
0.820859541
0.812682846
0.805525596
0.796644339
0.787592344
0.776074105
0.765090956
0.754866732
0.742019827
0.728005297
0.713764572
0.697351733
0.682975948
0.667150747
0.649877972
0.630487501
0.611500523
0.590595171
0.568194512
0.544609495
0.521100566
0.493457117
0.461823196
0.431180544
0.402093885
0.370079486
0.333604718
0.298700561
0.258379128
0.217126059
0.175840844
0.136758251
0.09496064
0.054573711
0.011781405
-0.031699622
-0.075010723
-0.119918457
-0.165613531
-0.214989678
-0.260824829
-0.304944066
-0.3492143
-0.391604894
-0.428266781
-0.466362087
-0.502839102
-0.536401834
-0.571532181
-0.602893262
-0.634225905
-0.66480367
-0.689673434
-0.713757561
-0.732552824
-0.751785431
-0.768675129
-0.786025894
-0.799106377
-0.812598679
-0.824556757
-0.837125524
-0.845823902
-0.855998942
-0.86455657
-0.874082099
-0.882104082
-0.887514083
-0.893089845
-0.897543135
-0.903224438
-0.90875237
-0.911707231
-0.914364641
-0.917057598
-0.919457263
-0.921799196
-0.924424371
-0.926145194
-0.927638297
-0.929042959
-0.929838761
-0.930317047
-0.930816945
-0.9313985
-0.931840288
-0.931968782
-0.931659963
-0.93107795
-0.929797766
-0.928063854
-0.925592627
-0.922073675
-0.917914325
-0.912440554
-0.905055965
-0.89584794
-0.884395141
-0.87049465
-0.851227507
-0.829170575
-0.798420493
-0.760815326
-0.719413349
-0.661529126
-0.584292153
-0.478308191
-0.362784553
-0.217411946
-0.034257007
0.211381016
0.478774552
0.723828338
0.860844998
0.869744265
0.759305643
0.537364251
0.23595292
-0.111379897
-0.464097564
-0.750471962
-0.909490333
-0.852011184
-0.626628525
-0.363281309
-0.054383431
0.376494184
0.710581052
0.868499174
0.860919649
0.709825877
0.44839123
0.100680264
-0.274965689
-0.614103879
-0.843274165
-0.922888348
-0.812404484
-0.535556611
-0.251957401
0.072774584
0.454612152
0.696165706
0.855092456
0.881048959
0.731071082
0.428718635
0.079554047
-0.299169611
-0.605463986
-0.834494288
-0.919454027
-0.86853903
-0.727424941
-0.510186964
-0.271900786
0.02674737
0.327027112
0.607703548
0.859235783
0.839875279
0.652700471
0.407910867
0.111256627
-0.25899168
-0.587823421
-0.813357813
-0.916154629
-0.79613034
-0.492042897
-0.175081527
0.157797527
0.535533649
0.797030728
0.881816944
0.892292358
0.840372856
0.740846486
0.594245396
0.406325762
0.135095729
-0.161417599
-0.559945088
-0.827616609
-0.911961764
-0.750716472
-0.340252189
0.137442416
0.555715521
0.836611161
0.892125245
0.769890025
0.518346945
0.256184312
-0.048784047
-0.402998421
-0.719311513
-0.889345253
-0.863370576
-0.620954122
-0.285306547
0.096859309
0.604533342
0.87764162
0.859905971
0.705239944
0.485232028
0.211023224
-0.123023282
-0.443735046
-0.703873101
-0.852748547
-0.910411514
-0.878007979
-0.753905911
-0.550137539
-0.274738647
0.024025855
0.33637187
0.670853677
0.865736149
0.884657806
0.734161924
0.451561781
0.047533088
-0.377259705
-0.721511469
-0.891115276
-0.903226238
-0.82229544
-0.648677836
-0.428715189
-0.182016939
0.143035269
0.51305306
0.812496533
0.901108557
0.768981001
0.454989341
0.114710301
-0.267321449
-0.61937709
-0.889226934
-0.83105768
-0.611057828
-0.355026478
-0.052020077
0.24673398
0.473594144
0.670276861
0.813135582
0.8910521
0.897233655
0.845025616
0.695094978
0.517734621
0.297142378
-0.076435459
-0.44566956
-0.822317141
-0.897429332
-0.680282481
-0.28185428
0.242303369
0.604935086
0.80110572
0.891442197
0.854162315
0.722743613
0.523461098
0.303834092
0.046791142
-0.234005719
-0.541945921
-0.821633936
-0.909877737
-0.72887316
-0.293909349
0.183302317
0.597914923
0.881500784
0.84701767
0.494276407
-0.044959181
-0.564770157
-0.877022546
-0.853029416
-0.500167839
0.038523685
0.559272368
0.870910756
0.847615268
0.494539283
-0.043937891
-0.564532994
-0.87617176
-0.852621655
-0.499566922
0.039106335
0.559748526
0.87148579
0.848097415
0.495061703
-0.043457597
-0.564060302
-0.875673479
-0.852194352
-0.499099432
0.039541087
0.560187833
0.871902615
0.848514127
0.49547445
-0.043066191
-0.563668507
-0.875292496
-0.851824166
-0.498733543
0.039896183
0.560537247
0.872250742
0.848836587
0.495812947
-0.042748958
-0.563351747
-0.874989416
-0.851514833
-0.49844208
0.040184313
0.56081996
0.872532088
0.849096984
0.520082995
-0.012917298
-0.5397709
-0.866391622
-0.861099518
-0.522952847
0.011081102
0.537618261
0.864164343
0.859344776
0.520721959
-0.012867161
-0.539579698
-0.866044138
-0.861085329
-0.522598641
0.011194155
0.537832152
0.864376102
0.859470433
0.520971274
-0.012740375
-0.539384867
-0.865874229
-0.860935425
-0.522423515
0.011342813
0.537994273
0.864523904
0.859617493
0.521125033
-0.012604245
-0.539242776
-0.865737663
-0.86080262
-0.522294017
0.011469444
0.538121948
0.864646345
0.859733396
0.521245418
-0.01248853
-0.539131451
-0.865629475
-0.860688277
-0.522190668
0.011569819
0.538225358
0.864748651
0.859822416
0.52134348
-0.012393385
-0.539040934
-0.865543511
-0.860593642
-0.542227545
-0.013655252
0.517883392
0.856953341
0.867555222
0.542194781
0.012801285
-0.51847765
-0.857363187
-0.868369981
-0.542520763
-0.013473309
0.517989824
0.856871147
0.86778867
0.542109266
0.012930007
-0.518440273
-0.857338779
-0.868259183
-0.542536835
-0.013380456
0.518019393
0.85691658
0.867848324
0.542140996
0.012983229
-0.51840297
-0.85729371
-0.868215755
-0.542502946
-0.013335265
0.518057027
0.856953625
0.867886176
0.542178441
0.013019178
-0.518369887
-0.857258128
-0.868181636
-0.542472084
-0.013303593
0.518089958
0.856984826
0.86791323
0.542209829
0.013049462
-0.518343113
-0.857231618
-0.868150159
-0.542447455
-0.013279761
0.518116607
0.857010978
0.867932133
0.542235536
0.013074377
-0.518320932
-0.857210926
-0.868124055
-0.542426399
-0.013260035
0.518137848
0.857032654
0.867948872
0.542254555
0.013093873
-0.518302878
-0.857193319
-0.868105805
-0.542408281
-0.013243739
0.518154705
0.857047795
0.86796676
0.542269186
0.013108105
-0.518287627
-0.857176189
-0.868095513
-0.542392726
-0.013229056
0.518168606
0.857058032
0.867983968
0.542280899
0.013119131
-0.518275586
-0.857161195
-0.868088071
-0.542380961
-0.01321692
0.518179948
0.857065775
0.867996455
0.542291959
0.013128712
-0.518267121
-0.857149987
-0.868078609
-0.542373529
-0.013207812
0.518189767
0.857074283
0.868003046
0.542301978
0.013137382
-0.518260055
-0.857143234
-0.868066999
-0.542368465
-0.013201765
0.518197519
0.857082786
0.868005156
0.542310527
0.013144801
-0.518254479
-0.857138996
-0.868057039
-0.542363657
-0.01319672
0.518204161
0.857090127
0.868007606
0.542316691
0.013150699
-0.518249533
-0.857134261
-0.868051419
-0.542358161
-0.013191957
0.518208508
0.857093531
0.868013326
0.542319397
0.013154182
-0.518244881
-0.857128203
-0.868050837
-0.542353071
-0.013187169
0.51821216
0.857094547
0.868021512
0.542322341
0.013156428
-0.518241944
-0.857122083
-0.868051104
-0.542349632
-0.013183129
0.518215901
0.857095153
0.868026737
0.542325892
0.013158822
-0.518240083
-0.857118195
-0.868048736
-0.542348242
-0.01318051
0.518219585
0.857097325
0.868027111
0.542329876
0.013161662
-0.518238917
-0.857116961
-0.8680432
-0.542348523
-0.013179631
0.518221799
0.857100553
0.868024793
0.542333586
0.013164579
-0.518237515
-0.857116944
-0.868037622
-0.542347605
-0.013178827
0.518223852
0.857103883
0.868023938
0.542335307
0.013166172
-0.518236024
-0.857115681
-0.868035396
-0.542345716
-0.013177527
0.518225226
0.85710426
0.868026003
0.5423356
0.013166723
-0.518234803
-0.85711271
-0.868037394
-0.542343618
-0.013175383
0.518226101
0.857102785
0.868030927
0.542335397
0.013166359
-0.518234169
-0.857109163
-0.868040056
-0.542342307
-0.013173269
0.518227507
0.857101294
0.868034006
0.54233687
0.013166976
-0.518233965
-0.857107465
-0.868040011
-0.542342876
-0.013172714
0.518229201
0.857101844
0.868032998
0.542339207
0.013168121
-0.518234167
-0.857107525
-0.868036198
-0.542344089
-0.013173195
0.518230303
0.857103925
0.868029491
0.542340939
0.013169519
-0.518234248
-0.857108473
-0.868031998
-0.542345053
-0.013173663
0.518230769
0.857105558
0.868027667
0.542342005
0.013170402
-0.518233814
-0.857108362
-0.868030855
-0.5423439
-0.013173066
0.518231162
0.857105582
0.868029228
0.542341389
0.013170365
-0.518233268
-0.857106696
-0.868033183
-0.542342509
-0.013171789
0.518231557
0.857103613
0.86803271
0.542340756
0.01316947
-0.518233379
-0.857104071
-0.868035982
-0.542342111
-0.013170666
0.518232584
0.857101582
0.868035357
0.542341326
0.013168876
-0.518233475
-0.857102695
-0.868036574
-0.542342655
-0.013170702
0.51823322
0.857101807
0.86803409
0.542342905
0.013169577
-0.518234205
-0.857103185
-0.868033665
-0.542344079
-0.013171317
0.518233796
0.857103046
0.86803058
0.542344421
0.013170672
-0.518234799
-0.857104832
-0.868029892
-0.542345093
-0.013171621
0.518234354
0.857104211
0.868028793
0.542345156
0.013171377
-0.518234184
-0.857104959
-0.868029065
-0.542344454
-0.013171632
0.518233955
0.857103964
0.86802951
0.542344319
0.013171133
-0.518234227
-0.857103312
-0.868031048
-0.54234341
-0.013170683
0.518234242
0.857102161
0.868032788
0.542343306
0.013170138
-0.518234091
-0.857101346
-0.868034436
-0.542342905
-0.013169636
0.518234585
0.857100336
0.868034905
0.542343887
0.01316969
-0.518234698
-0.857100062
-0.86803512
-0.542343521
-0.01316964
0.518235209
0.857100288
0.868033906
0.542345125
0.013169896
-0.518235231
-0.857100302
-0.868032701
-0.542345567
-0.013170545
0.518235928
0.857101429
0.868030514
0.542346372
0.013170941
-0.518235477
-0.857101447
-0.86802914
-0.542346468
-0.013171303
0.518236068
0.857102467
0.86802844
0.542346693
0.013171453
-0.518235483
-0.857102678
-0.868028538
-0.542346066
-0.013171339
0.518236038
0.857102135
0.868029317
0.542346301
0.013170937
-0.518235399
-0.857101384
-0.868030655
-0.542344773
-0.013170532
0.518235928
0.857100505
0.868032199
0.542345495
0.013170114
-0.518235649
-0.857099266
-0.868033267
-0.542344605
-0.013169446
0.518236413
0.85709852
0.868034164
0.5423457
0.013169467
-0.518236146
-0.857097988
-0.868033868
-0.54234509
-0.013169501
0.518236918
0.857098564
0.86803334
0.542346712
0.013169986
-0.518236515
-0.857098527
-0.86803178
-0.542346443
-0.013170152
0.518237312
0.857099579
0.868030333
0.542347987
0.013170777
-0.518236973
-0.857099777
-0.868028751
-0.542347624
-0.013170843
0.518238027
0.857100705
0.868028336
0.542348258
0.013171022
-0.518236754
-0.857100583
-0.868027976
-0.542347251
-0.013171054
0.518237371
0.857100175
0.868029107
0.542347929
0.013171003
-0.518236735
-0.85709953
-0.868030062
-0.54234663
-0.01317021
0.518237375
0.857099111
0.868031839
0.542346693
0.013170247
-0.518236727
-0.857097703
-0.86803237
-0.542345869
-0.013169491
0.518237607
0.857097608
0.868033547
0.54234688
0.013169891
-0.518237172
-0.857096677
-0.868033222
-0.542346438
-0.013169317
0.518238356
0.857097188
0.868032756
0.54234832
0.013170031
-0.518237809
-0.857096916
-0.868031309
-0.542347812
-0.01317003
0.518238709
0.857097981
0.868030169
0.542349326
0.013170767
-0.518237819
-0.857098251
-0.868028698
-0.542348329
-0.013170636
0.518238702
0.857098976
0.868028266
0.542349476
0.013171062
-0.518237729
-0.857098994
-0.868027606
-0.542348132
-0.013170779
0.518238694
0.857098949
0.868028723
0.5423488
0.013170644
-0.518237879
-0.857097822
-0.868029294
-0.542347721
-0.013170253
0.518238915
0.8570976
0.868030579
0.542348245
0.013170321
-0.518237791
-0.857096254
-0.868031651
-0.542347023
-0.013169736
0.518238773
0.857096335
0.868033087
0.54234821
0.013169306
-0.518238426
-0.857095502
-0.868032856
-0.542347536
-0.013169238
0.518239216
0.857095934
0.868032377
0.542348905
0.01316976
-0.518238652
-0.857095791
-0.868030761
-0.542348435
-0.01316984
0.518239672
0.85709646
0.868029716
0.542350309
0.013170539
-0.518239092
-0.857096981
-0.868028407
-0.542349223
-0.013170473
0.518239937
0.857097637
0.86802788
0.542350911
0.01317106
-0.518239158
-0.857097605
-0.868027699
-0.542349304
-0.013170794
0.518239807
0.85709791
0.868028197
0.54234966
0.013170643
-0.518238974
-0.857096656
-0.86802875
-0.542348677
-0.013170088
0.518239642
0.857096307
0.868030477
0.542349174
0.013169743
-0.51823905
-0.857094919
-0.868031032
-0.542347995
-0.013169398
0.518239728
0.857095112
0.868032103
0.542349173
0.013169698
-0.518239366
-0.8570943
-0.868032038
-0.542348679
-0.013169177
0.518239946
0.857094714
0.868031909
0.542349886
0.013169897
-0.518240032
-0.857094732
-0.868030375
-0.542349414
-0.013169556
0.518240562
0.857095768
0.868029619
0.54235078
0.013170419
-0.518239995
-0.857095636
-0.868028205
-0.542350116
-0.013170262
0.518240744
0.857096525
0.8680278
0.542351225
0.013170566
-0.518239941
-0.857096047
-0.86802742
-0.542350026
-0.013170335
0.518240608
0.857096698
0.868027948
0.54235055
0.013170569
-0.518239726
-0.857095443
-0.868028538
-0.54234964
-0.013170113
0.518240782
0.857095386
0.868030069
0.542350358
0.013169919
-0.518239676
-0.857094173
-0.868030969
-0.54234886
-0.013169013
0.518240595
0.857094109
0.868031653
0.542349938
0.013169472
-0.518240054
-0.85709327
-0.868031603
-0.542349006
-0.013168777
0.51824071
0.857093584
0.868031441
0.542350792
0.013169414
-0.51824057
-0.857093502
-0.868030123
-0.542349971
-0.013169799
0.518241117
0.857094291
0.868029124
0.542351734
0.013170288
-0.518240516
-0.857094272
-0.86802811
-0.542350624
-0.013170005
0.518241293
0.857095176
0.868027732
0.542352284
0.013170409
-0.518240593
-0.85709493
-0.868027294
-0.542350621
-0.013170239
0.518241334
0.857095314
0.868027958
0.542351351
0.01317037
-0.518240328
-0.85709457
-0.868028313
-0.54235032
-0.013169742
0.518241391
0.857094645
0.868029556
0.542350532
0.013169885
-0.518240343
-0.857093346
-0.868030565
-0.542349576
-0.013169299
0.518241033
0.857093218
0.868031244
0.542350677
0.013169246
-0.518240509
-0.857092131
-0.868031014
-0.542350102
-0.013168865
0.518241739
0.857092855
0.868031163
0.542351638
0.013169983
-0.51824097
-0.857092656
-0.868029876
-0.542351103
-0.013169391
0.518241936
0.857093596
0.868029715
0.542352273
0.013170194
-0.51824127
-0.857093948
-0.868028252
-0.542351419
-0.013170154
0.518242245
0.857094823
0.868027555
0.542352552
0.013170192
-0.518241369
-0.857093929
-0.868027224
-0.542351456
-0.013170362
0.518242202
0.857094777
0.86802778
0.542352137
0.013170196
-0.518240933
-0.85709367
-0.868028304
-0.542350702
-0.013169917
0.518241898
0.857093995
0.868029253
0.5423514
0.013169691
-0.5182411
-0.857092764
-0.868030074
-0.542350025
-0.013169266
0.518241756
0.857092401
0.868030662
0.542351548
0.013169227
-0.518241445
-0.8570916
-0.868030701
-0.542350557
-0.013169161
0.51824212
0.857092786
0.868030866
0.542351654
0.013169887
-0.518241213
-0.857092111
-0.868029738
-0.542351171
-0.013169327
0.518242554
0.857092897
0.868029101
0.542352806
0.013170182
-0.518241874
-0.857092773
-0.868027992
-0.542351881
-0.013170056
0.518242319
0.857093802
0.86802752
0.542353012
0.013170274
-0.518242132
-0.857093419
-0.868027325
-0.542351964
-0.013170136
0.518242427
0.857093762
0.868027726
0.542352765
0.013169976
-0.518241603
-0.857092947
-0.868028049
-0.542351061
-0.013169735
0.518242302
0.857092821
0.868029013
0.542352375
0.013169813
-0.518241828
-0.857092006
-0.868029684
-0.542351006
-0.013169001
0.518242557
0.857091993
0.868030644
0.542352216
0.013169582
-0.518241909
-0.857091108
-0.868030212
-0.542351474
-0.013169015
0.518242849
0.857091815
0.868031018
0.542352412
0.013169189
-0.518242023
-0.857091207
-0.868029634
-0.54235166
-0.013169123
0.518242923
0.857092325
0.868029062
0.542352953
0.013169537
-0.518242142
-0.857092093
-0.868028291
-0.542352191
-0.013169775
0.518242854
0.857092893
0.868027702
0.542353524
0.013170087
-0.518242284
-0.857092481
-0.868027313
-0.542352122
-0.013169809
0.518242878
0.857093267
0.868027708
0.542353079
0.013169811
-0.51824213
-0.857091956
-0.868027752
-0.542351652
-0.013169424
0.518242854
0.8570927
0.868029185
0.542352058
0.013169415
-0.518241874
-0.857091325
-0.868029187
-0.54235144
-0.013169137
0.518242781
0.857091251
0.86803028
0.542352239
0.013169325
-0.51824209
-0.857090788
-0.868030105
-0.5423515
-0.013169097
0.5182431
0.857091363
0.868030199
0.5423528
0.013169746
-0.518242194
-0.8570906
-0.868029442
-0.542352437
-0.013169198
0.518243274
0.857091818
0.868029415
0.542353132
0.013169385
-0.518242434
-0.85709155
-0.868028065
-0.542352558
-0.013169668
0.518243571
0.857092565
0.868027919
0.5423537
0.013170066
-0.518242605
-0.857091863
-0.868026936
-0.542352729
-0.013169651
0.518243083
0.857092326
0.868027661
0.542353123
0.013169811
-0.518242572
-0.857091575
-0.86802804
-0.542352522
-0.01316951
0.518243144
0.857091974
0.868029013
0.542353116
0.013169561
-0.51824239
-0.857091023
-0.868029316
-0.542351677
-0.013169082
0.518243398
0.857091262
0.868029891
0.542352791
0.013169421
-0.518242725
-0.857090548
-0.868029973
-0.542351852
-0.013168996
0.518243215
0.857090656
0.868030343
0.542353487
0.013169345
-0.518242943
-0.857090584
-0.868029483
-0.542352176
-0.013168853
0.518243746
0.857091483
0.868029227
0.542353578
0.01316981
-0.518242685
-0.857090993
-0.86802809
-0.542353098
-0.013169435
0.518243568
0.857091856
0.868027943
0.542353768
0.013170134
-0.518242819
-0.857091554
-0.868027303
-0.542353061
-0.013169572
0.51824352
0.857092047
0.868027726
0.542353402
0.013169592
-0.518242919
-0.857091179
-0.86802771
-0.54235223
-0.013169429
0.518243285
0.857091829
0.868028716
0.542352938
0.013169603
-0.518242628
-0.857090512
-0.868029019
-0.542352035
-0.013169233
0.518243102
0.857090903
0.868029956
0.542352603
0.01316945
-0.518242507
-0.857090104
-0.868029883
-0.542352223
-0.01316859
0.518243737
0.857090346
0.868029994
0.542353244
0.013169233
-0.518242934
-0.857089909
-0.868029329
-0.542352754
-0.013168983
0.518243905
0.857090705
0.868028904
0.542353953
0.013169642
-0.518243129
-0.857090768
-0.868028011
-0.542352835
-0.013169345
0.518243999
0.857091299
0.868027705
0.542354066
0.013169919
-0.518243022
-0.857091269
-0.868027633
-0.542352787
-0.013169381
0.518243536
0.857091484
0.868027492
0.542353744
0.013170146
-0.518242761
-0.857091211
-0.868027844
-0.542352773
-0.01316953
0.518243544
0.85709106
0.868028983
0.542353321
0.013169284
-0.518242781
-0.857090234
-0.868028933
-0.54235208
-0.013168904
0.518243728
0.857090697
0.868029595
0.54235309
0.013169458
-0.518242897
-0.857089668
-0.868029697
-0.542352354
-0.0131688
0.518243656
0.857090337
0.868029888
0.54235336
0.013169462
-0.518243014
-0.85708969
-0.868028901
-0.542352552
-0.013169263
0.518243716
0.857090336
0.868029117
0.542354066
0.013169373
-0.518243138
-0.857090407
-0.868028194
-0.542353147
-0.013169889
0.518243873
0.857091108
0.868027888
0.542354204
0.013169651
-0.518243206
-0.857090735
-0.868027516
-0.542353007
-0.01316945
0.51824388
0.857091539
0.868027779
0.542353977
0.013169754
-0.518243389
-0.857090563
-0.868027552
-0.542352586
-0.013169039
0.518243932
0.857090788
0.868028856
0.542353722
0.013169442
-0.518243123
-0.857090287
-0.868028619
-0.542352368
-0.013169146
0.518244105
0.857090376
0.868029827
0.542353528
0.013169144
-0.518243105
-0.857089644
-0.868029497
-0.542352491
-0.013168949
0.518243952
0.857089894
0.868029871
0.542353792
0.013169275
-0.518243343
-0.85708961
-0.868029172
-0.542352671
-0.013168759
0.518244146
0.857090318
0.868029073
0.542353827
0.013169384
-0.51824308
-0.857090063
-0.868028368
-0.542353016
-0.013169396
0.51824385
0.857090992
0.868028141
0.542354109
0.013169581
-0.518243499
-0.857090405
-0.868027302
-0.54235303
-0.013169413
0.518243913
0.857090939
0.868027693
0.542353812
0.013169753
-0.518243068
-0.857090702
-0.868028192
-0.542352992
-0.013169404
0.518243944
0.857090473
0.868028622
0.542353976
0.013168967
-0.518243242
-0.857089543
-0.868028888
-0.542352176
-0.013168989
0.518243844
0.857090348
0.868029631
0.542353435
0.01316887
-0.518243202
-0.85708945
-0.868029475
-0.542352076
-0.013168878
0.518244024
0.857089996
0.868029849
0.542353749
0.013169059
-0.518243319
-0.857089401
-0.868028946
-0.542352745
-0.013169095
0.518244256
0.857090303
0.868029235
0.542353921
0.0131694
-0.518243375
-0.857090367
-0.86802837
-0.542353212
-0.013169641
0.518244257
0.857090671
0.868028081
0.542353931
0.013169323
-0.518243374
-0.8570903
-0.868027624
-0.542352967
-0.013169497
0.51824374
0.85709082
0.868027833
0.542354067
0.013169785
-0.518243424
-0.857090289
-0.868027745
-0.542352685
-0.013169093
0.518244073
0.857090464
0.868028793
0.542353875
0.013169519
-0.518243077
-0.857089962
-0.868028833
-0.542352333
-0.013168998
0.518244023
0.85709004
0.868029298
0.54235359
0.013169256
-0.518243177
-0.857089047
-0.868029435
-0.542352677
-0.013168746
0.518244495
0.857090064
0.86802953
0.542353499
0.013169209
-0.518243017
-0.857089232
-0.868029221
-0.542352876
-0.013169298
0.518244323
0.857089964
0.868028846
0.542354298
0.013169416
-0.518243544
-0.857089589
-0.868028361
-0.54235327
-0.01316931
0.518244105
0.857090443
0.868028226
0.542354146
0.013169579
-0.518243522
-0.85709017
-0.868027621
-0.542353196
-0.01316957
0.518244064
0.857090645
0.868028223
0.542354141
0.013169371
-0.51824364
-0.857090111
-0.86802765
-0.542352888
-0.013169163
0.518244288
0.857090288
0.868028563
0.542353973
0.013169393
-0.518243433
-0.857089449
-0.868028588
-0.542352506
-0.013168777
0.518244253
0.857089982
0.868029321
0.542353623
0.013169246
-0.518243318
-0.857089196
-0.868029272
-0.542352318
-0.013168729
0.518243812
0.857089503
0.868029786
0.542353782
0.013169261
-0.518243146
-0.857089301
-0.868029514
-0.542352671
-0.013168705
0.518244162
0.857089882
0.868029238
0.542353904
0.013168878
-0.518243399
-0.857089328
-0.868028743
-0.542353247
-0.013168991
0.518244115
0.857090325
0.86802845
0.542353915
0.013169401
-0.518243541
-0.857089959
-0.868027651
-0.542352865
-0.013169291
0.518244224
0.857090676
0.868028127
0.542354074
0.013169678
-0.518243374
-0.857090218
-0.868027813
-0.543390645
-0.014489215
0.517167607
0.856660889
0.868408701
0.545438713
0.017041426
-0.515070391
-0.855809087
-0.869152077
-0.548379535
-0.020713758
0.51204985
0.85456967
0.870214589
0.550367088
0.023138136
-0.510041136
-0.853722383
-0.87092226
-0.550557613
-0.023332621
0.509880171
0.853640689
0.870993296
0.550552236
0.023336704
-0.509880564
-0.853642296
-0.870988352
-0.550556287
-0.023333613
0.509879728
0.853643638
0.870987677
0.550557723
0.023334446
-0.509879664
-0.85364366
-0.870985712
-0.550557183
-0.023334145
0.509880078
0.853645014
0.870984958
0.552580402
0.025927712
-0.507745024
-0.852772132
-0.871700655
-0.560922458
-0.036567766
0.49891907
0.849083313
0.874589306
0.575048844
0.054564114
-0.483785314
-0.842495269
-0.879252266
-0.594985685
-0.080398508
0.461704473
0.832415397
0.885332229
0.612931356
0.105067043
-0.440185105
-0.821999658
-0.890509455
-0.628032533
-0.144336209
0.404892995
0.804239576
0.898517252
0.680506889
0.197967916
-0.356365596
-0.777380324
-0.903488235
-0.681648688
-0.197779895
0.297324437
0.695218533
0.903577685
0.7685845
0.332697901
-0.22277877
-0.693836185
-0.905920307
-0.767127252
-0.334002436
0.22278226
0.693752703
0.892350106
0.86453476
0.536269076
0.052104222
-0.484109359
-0.843455133
-0.879778501
-0.574817136
-0.054545361
0.484130842
0.842227104
0.878761149
0.574383191
0.05334712
-0.484692334
-0.843135867
-0.879547055
-0.575055231
-0.05417702
0.484030957
0.842379734
0.878868747
0.574374579
0.053499515
-0.484676829
-0.843028274
-0.879489241
-0.574993522
-0.054096822
0.484089368
0.842446116
0.878934364
0.574436803
0.053560454
-0.484621561
-0.842962561
-0.879438312
-0.57493837
-0.054041583
0.484144926
0.842494957
0.878985154
0.574492001
0.053608065
-0.48457623
-0.842912772
-0.879390366
-0.574897651
-0.053998043
0.484191347
0.842537017
0.87902102
0.574536737
0.053648703
-0.484539671
-0.842875917
-0.879346227
-0.574864258
-0.053964563
0.484228377
0.84257265
0.879047504
0.574572664
0.05368237
-0.484509807
-0.842846694
-0.879311319
-0.57483557
-0.053937566
0.484257621
0.842601019
0.879070998
0.574598652
0.053708991
-0.484484978
-0.842821371
-0.879287588
-0.574809996
-0.053914168
0.484281204
0.842621087
0.87909621
0.574618423
0.053728673
-0.484464734
-0.842797371
-0.879273026
-0.574788912
-0.053894156
0.484300338
0.842634707
0.879119595
0.574635313
0.053743821
-0.484449088
-0.84277641
-0.879262126
-0.574774064
-0.053877499
0.484316758
0.842645123
0.879135981
0.574651371
0.053756713
-0.484437442
-0.84276068
-0.879248121
-0.57476467
-0.053865819
0.484331189
0.842656182
0.879143874
0.574666858
0.053768667
-0.484428446
-0.842750367
-0.879232519
-0.574757954
-0.053857104
0.484342356
0.842666827
0.879146931
0.574678284
0.09191021
-0.450151077
-0.827628435
-0.888078524
-0.70057399
-0.351420919
0.128087347
0.629649484
0.892516036
0.816005324
0.420837431
-0.109171685
-0.574026008
-0.877189864
-0.844462002
-0.484788116
0.056683166
0.573564599
0.877921316
0.845054185
0.484800029
-0.055911214
-0.573438197
-0.877394674
-0.85544374
-0.510561506
0.025635643
0.549527313
0.869349767
0.856069592
0.510841058
-0.02509348
-0.549144117
-0.868938144
-0.855619108
-0.510492774
0.02552591
0.549506855
0.869321849
0.855986993
0.510850434
-0.025168709
-0.549165471
-0.868978562
-0.855661659
-0.510523495
0.025487591
0.549474474
0.869285444
0.855953935
0.510822932
-0.025207174
-0.54919361
-0.869008634
-0.855694862
-0.510553848
0.025461824
0.549445431
0.869255055
0.855931005
0.510797276
-0.025235419
-0.549218678
-0.869031006
-0.855722573
-0.510578643
0.022537048
0.546996082
0.86838538
0.856912054
0.576236336
0.136845713
-0.328638781
-0.761838067
-0.90463378
-0.702367736
-0.226394256
0.328528637
0.738116456
0.901686173
0.84784978
0.563310756
0.129511698
-0.4154251
-0.811849052
-0.895015066
-0.635058939
-0.13246305
0.416491359
0.809045943
0.895247632
0.633501448
0.131543975
-0.41715308
-0.810369991
-0.895702476
-0.634731631
-0.132243334
0.416306888
0.809447095
0.895069982
0.633768908
0.155592563
-0.394677063
-0.798907366
-0.899361785
-0.65230893
-0.171488716
0.380530658
0.790701386
0.900640651
0.662342713
0.171132127
-0.381382146
-0.791152586
-0.901316319
-0.662904268
-0.171681083
0.380790678
0.790635159
0.900765075
0.662385842
0.171173762
-0.381298722
-0.791118608
-0.901252368
-0.662847856
-0.171636824
0.380847622
0.79067815
0.900822105
0.662422462
0.171226278
-0.381253815
-0.791076842
-0.901205709
-0.662805301
-0.171595297
0.380887432
0.790719955
0.900859805
0.662459348
0.171263524
-0.381214857
-0.791042118
-0.901170829
-0.662768723
-0.171559648
0.380918051
0.790752757
0.900894351
0.662488387
0.171290973
-0.381181852
-0.791011386
-0.901148139
-0.662737543
-0.202568347
0.350731372
0.774568168
0.903989401
0.684770793
0.230520847
-0.324560736
-0.758954863
-0.906257913
-0.753943653
-0.394085138
0.155483722
0.649492539
0.897624968
0.813810352
0.419074643
-0.131461264
-0.629839664
-0.893979209
-0.835334036
-0.539643387
-0.012136583
0.519691083
0.858094244
0.867399156
0.565292
0.041873285
-0.494247846
-0.847085567
-0.875849416
-0.606848447
-0.097022021
0.44739813
0.825924681
0.888848343
0.60862456
0.09702361
-0.447116474
-0.824987063
-0.898704705
-0.700432862
-0.307234589
0.246332948
0.712314069
0.906086055
0.754991295
0.311220096
-0.140125998
-0.572512753
-0.873754863
-0.848899519
-0.581465072
-0.173892938
0.235248675
0.647017973
0.881638752
0.852808339
0.684826721
0.454146098
0.172001138
-0.121457736
-0.411653071
-0.64664158
-0.86116167
-0.880973634
-0.71128834
-0.446876059
-0.087017436
0.455533694
0.830409626
0.887420728
0.662955597
0.244677561
-0.308684854
-0.751210504
-0.905142756
-0.713276651
-0.244856094
0.311755191
0.750429909
0.907747217
0.713387223
0.246176817
-0.31059111
-0.749815466
-0.906296711
-0.747212527
-0.364686693
0.187416418
0.671696478
0.902270398
0.786845705
0.367275292
-0.18766967
-0.669590134
-0.901738502
-0.785677013
-0.366087274
0.18843707
0.670823926
0.902506715
0.786746575
0.366980187
-0.187546646
-0.669890408
-0.901687083
-0.785856055
-0.366169232
0.188375462
0.670695099
0.902452823
0.786635938
0.366916114
-0.18763903
-0.66997973
-0.824484
